GC-content: 0.3478523411663431
G-content: 1620779
C-content: 1851138
AT-content: 0.6521429498904319
A-content: 3304273
T-content: 3204771
9981008 9981008 9980961
False
