GC-content: 0.6468641125240355
G-content: 3008039
C-content: 3144239
AT-content: 0.3531311560764628
A-content: 1561973
T-content: 1796632
9510928 9510928 9510883
False
