GC-content: 0.2631578947368421
G-content: 11
C-content: 9
AT-content: 0.7236842105263158
A-content: 27
T-content: 28
76 76 75
False
