GC-content: 0.4302926296296296
G-content: 5738773
C-content: 5879128
AT-content: 0.5689938518518518
A-content: 7701287
T-content: 7661547
27000000 27000000 26980735
False
