GC-content: 0.45105133333333336
G-content: 6103168
C-content: 6075218
AT-content: 0.548112925925926
A-content: 7467696
T-content: 7331353
27000000 27000000 26977435
False
