GC-content: 0.4915185185185185
G-content: 7304
C-content: 5967
AT-content: 0.5081111111111111
A-content: 6867
T-content: 6852
27000 27000 26990
False
